r	R  1/ 2	R  2/ 2	R  3/ 2	R  4/ 2	R  5/ 2	R  6/ 2	I  1/ 2	I  2/ 2	I  3/ 2	I  4/ 2	I  5/ 2	I  6/ 2
 0.000000E+00	 0.00000000E+00	 0.00000000E+00	 0.00000000E+00	 0.00000000E+00	 0.00000000E+00	 0.00000000E+00	 0.00000000E+00	 0.00000000E+00	 0.00000000E+00	 0.00000000E+00	 0.00000000E+00	 0.00000000E+00
 5.000000E-03	-4.82231901E-04	 3.54230016E-06	 9.13666476E-08	 2.86577458E-10	-3.85676367E-11	-1.60930966E-12	 1.27815526E-04	 1.78048500E-05	 4.93739401E-08	 1.99393053E-10	-2.23266592E-11	-4.11255575E-13
 1.000000E-02	-9.64466748E-04	 1.41648879E-05	 6.70003204E-07	 3.60921781E-09	-6.48715403E-11	-5.04065252E-12	 2.55655321E-04	 7.12205299E-05	 3.62060616E-07	 2.47095617E-09	-3.55156959E-11	-4.26832217E-12
 1.500000E-02	-1.44670483E-03	 3.18523675E-05	 2.22311670E-06	 1.72867683E-08	-1.10999527E-11	-3.30649029E-12	 3.83544575E-04	 1.60253601E-04	 1.20127291E-06	 1.18119710E-08	-8.68715734E-12	-3.85090440E-12
 2.000000E-02	-1.92894693E-03	 5.65781499E-05	 5.23797499E-06	 5.36502370E-08	 3.09331980E-10	-4.29838049E-12	 5.11508149E-04	 2.84915783E-04	 2.83024408E-06	 3.66072723E-08	 1.43561419E-10	-6.01133849E-12
 2.500000E-02	-2.41119252E-03	 8.83048740E-05	 1.02017845E-05	 1.29734455E-07	 1.21433055E-09	-3.45772271E-12	 6.39570816E-04	 4.45223101E-04	 5.51218695E-06	 8.85544056E-08	 5.91423793E-10	-1.41041756E-11
 3.000000E-02	-2.89344085E-03	 1.26983615E-04	 1.76018959E-05	 2.67713522E-07	 3.25425643E-09	-3.79401993E-12	 7.67757235E-04	 6.41196332E-04	 9.51015459E-06	 1.82719330E-07	 1.60125761E-09	-1.94122089E-11
 3.500000E-02	-3.37569010E-03	 1.72554801E-04	 2.79252280E-05	 4.94475952E-07	 7.23493667E-09	 4.81337136E-11	 8.96092531E-04	 8.72858851E-04	 1.50871873E-05	 3.37502121E-07	 3.56394841E-09	-3.05274621E-11
 4.000000E-02	-3.85793490E-03	 2.24946209E-04	 4.16590820E-05	 8.42007449E-07	 1.42732648E-08	 1.18706146E-10	 1.02460087E-03	 1.14023883E-03	 2.25061854E-05	 5.74651715E-07	 7.07348703E-09	-3.36968644E-11
 4.500000E-02	-4.34017122E-03	 2.84075378E-04	 5.92906253E-05	 1.34685002E-06	 2.59016681E-08	 2.94435305E-10	 1.15330632E-03	 1.44336558E-03	 3.20294927E-05	 9.19276089E-07	 1.28106298E-08	-5.50462228E-11
 5.000000E-02	-4.82239147E-03	 3.49845606E-04	 8.13065640E-05	 2.05096052E-06	 4.39978719E-08	 5.60420095E-10	 1.28223388E-03	 1.78227309E-03	 4.39198677E-05	 1.39993919E-06	 2.18367545E-08	-7.02358908E-11
 5.500000E-02	-5.30458609E-03	 4.22150246E-04	 1.08193305E-04	 3.00061116E-06	 7.09967902E-08	 1.05443299E-09	 1.41140864E-03	 2.15699232E-03	 5.84391109E-05	 2.04833879E-06	 3.51747764E-08	-1.00941327E-10
 6.000000E-02	-5.78674254E-03	 5.00866138E-04	 1.40437042E-04	 4.24759129E-06	 1.09773368E-07	 1.77564434E-09	 1.54085391E-03	 2.56755918E-03	 7.58488399E-05	 2.89983852E-06	 5.44789712E-08	-1.30309978E-10
 6.500000E-02	-6.26884720E-03	 5.85861504E-04	 1.78522841E-04	 5.84790435E-06	 1.63866686E-07	 2.94483969E-09	 1.67059288E-03	 3.01400396E-03	 9.64098329E-05	 3.99294607E-06	 8.12904809E-08	-2.00096318E-10
 7.000000E-02	-6.75088424E-03	 6.76985153E-04	 2.22936015E-04	 7.86320974E-06	 2.37392780E-07	 4.61761631E-09	 1.80065157E-03	 3.49636303E-03	 1.20382676E-04	 5.36967366E-06	 1.17893241E-07	-2.91653574E-10
 7.500000E-02	-7.23283223E-03	 7.74078854E-04	 2.74159295E-04	 1.03592033E-05	 3.35193449E-07	 7.02715609E-09	 1.93105384E-03	 4.01466114E-03	 1.48027318E-04	 7.07518031E-06	 1.66420001E-07	-4.15972928E-10
 8.000000E-02	-7.71467135E-03	 8.76960883E-04	 3.32675693E-04	 1.34072505E-05	 4.62837188E-07	 1.03655215E-08	 2.06182399E-03	 4.56892977E-03	 1.79601533E-04	 9.15846494E-06	 2.29905350E-07	-5.69904303E-10
 8.500000E-02	-8.19637430E-03	 9.85445519E-04	 3.98965325E-04	 1.70826022E-05	 6.26607658E-07	 1.49414959E-08	 2.19298523E-03	 5.15918247E-03	 2.15363427E-04	 1.16712346E-05	 3.11198940E-07	-8.04381344E-10
 9.000000E-02	-8.67791225E-03	 1.09931790E-03	 4.73509305E-04	 2.14667254E-05	 8.33736529E-07	 2.10828285E-08	 2.32456331E-03	 5.78544262E-03	 2.55567557E-04	 1.46691886E-05	 4.14294026E-07	-1.14716253E-09
 9.500000E-02	-9.15925641E-03	 1.21836500E-03	 5.56780862E-04	 2.66440641E-05	 1.09231112E-06	 2.92042840E-08	 2.45658028E-03	 6.44770977E-03	 3.00470929E-04	 1.82108902E-05	 5.42695509E-07	-1.54453032E-09
 1.000000E-01	-9.64037110E-03	 1.34233679E-03	 6.49258066E-04	 3.27059390E-05	 1.41135570E-06	 3.97400328E-08	 2.58906341E-03	 7.14599625E-03	 3.50323359E-04	 2.23587335E-05	 7.01436826E-07	-2.13336138E-09
 1.050000E-01	-1.01212182E-02	 1.47099174E-03	 7.51410476E-04	 3.97461839E-05	 1.80083956E-06	 5.32579898E-08	 2.72203741E-03	 7.88027988E-03	 4.05378853E-04	 2.71778262E-05	 8.95125224E-07	-2.89900788E-09
 1.100000E-01	-1.06017612E-02	 1.60404244E-03	 8.63708340E-04	 4.78654441E-05	 2.27182475E-06	 7.03689602E-08	 2.85552734E-03	 8.65055539E-03	 4.65882897E-04	 3.27374242E-05	 1.12958452E-06	-3.92906814E-09
 1.150000E-01	-1.10819520E-02	 1.74121940E-03	 9.86614400E-04	 5.71667998E-05	 2.83660168E-06	 9.18218489E-08	 2.98955582E-03	 9.45677504E-03	 5.32083840E-04	 3.91090014E-05	 1.41071543E-06	-5.20537837E-09
 1.200000E-01	-1.15617492E-02	 1.88219513E-03	 1.12059395E-03	 6.77606835E-05	 3.50831519E-06	 1.18466408E-07	 3.12415069E-03	 1.02989132E-02	 6.04223303E-04	 4.63687026E-05	 1.74543473E-06	-6.86495877E-09
 1.250000E-01	-1.20411039E-02	 2.02667417E-03	 1.26610017E-03	 7.97587441E-05	 4.30155517E-06	 1.51202581E-07	 3.25933704E-03	 1.11768912E-02	 6.82543638E-04	 5.45944058E-05	 2.14083021E-06	-8.95741205E-09
 1.300000E-01	-1.25199653E-02	 2.17428563E-03	 1.42359093E-03	 9.32809043E-05	 5.23188196E-06	 1.91183185E-07	 3.39514508E-03	 1.20906579E-02	 7.67280098E-04	 6.38690268E-05	 2.60511323E-06	-1.15725303E-08
 1.350000E-01	-1.29982782E-02	 2.32470910E-03	 1.59351054E-03	 1.08447590E-04	 6.31654129E-06	 2.39584607E-07	 3.53159598E-03	 1.30400984E-02	 8.58669285E-04	 7.42763507E-05	 3.14669200E-06	-1.48083299E-08
 1.400000E-01	-1.34759937E-02	 2.47752837E-03	 1.77630858E-03	 1.25387428E-04	 7.57371739E-06	 2.97704693E-07	 3.66872040E-03	 1.40251323E-02	 9.56939163E-04	 8.59063825E-05	 3.77519887E-06	-1.88124103E-08
 1.450000E-01	-1.39530491E-02	 2.63240004E-03	 1.97241924E-03	 1.44229859E-04	 9.02323491E-06	 3.67186107E-07	 3.80654357E-03	 1.50456046E-02	 1.06232005E-03	 9.88488460E-05	 4.50051204E-06	-2.36810384E-08
 1.500000E-01	-1.44293932E-02	 2.78885898E-03	 2.18228359E-03	 1.65112040E-04	 1.06861571E-05	 4.49553342E-07	 3.94509418E-03	 1.61014016E-02	 1.17503011E-03	 1.13200277E-04	 5.33383827E-06	-2.95713054E-08
 1.550000E-01	-1.49049671E-02	 2.94654310E-03	 2.40632259E-03	 1.88171992E-04	 1.25852380E-05	 5.46708873E-07	 4.08440043E-03	 1.71923241E-02	 1.29529320E-03	 1.29056192E-04	 6.28642193E-06	-3.66345397E-08
 1.600000E-01	-1.53797173E-02	 3.10493598E-03	 2.64496803E-03	 2.13554908E-04	 1.47444281E-05	 6.60718380E-07	 4.22449981E-03	 1.83182184E-02	 1.42331769E-03	 1.46519216E-04	 7.37097640E-06	-4.51200838E-08
 1.650000E-01	-1.58535770E-02	 3.26366067E-03	 2.89862696E-03	 2.41407213E-04	 1.71898809E-05	 7.93804055E-07	 4.36541225E-03	 1.94788383E-02	 1.55931742E-03	 1.65690882E-04	 8.60074445E-06	-5.52361044E-08
 1.700000E-01	-1.63265015E-02	 3.42214939E-03	 3.16772058E-03	 2.71882147E-04	 1.99484917E-05	 9.48450721E-07	 4.50718118E-03	 2.06739856E-02	 1.70349142E-03	 1.86680362E-04	 9.99009112E-06	-6.72030047E-08
 1.750000E-01	-1.67984254E-02	 3.58001746E-03	 3.45264312E-03	 3.05133950E-04	 2.30498292E-05	 1.12737310E-06	 4.64982723E-03	 2.19033655E-02	 1.85604158E-03	 2.09593961E-04	 1.15538634E-05	-8.12965394E-08
 1.800000E-01	-1.72692992E-02	 3.73664400E-03	 3.75380304E-03	 3.41323458E-04	 2.65241835E-05	 1.33357007E-06	 4.79339116E-03	 2.31667302E-02	 2.01715992E-03	 2.34547346E-04	 1.33082470E-05	-9.78201147E-08
 1.850000E-01	-1.77390615E-02	 3.89164449E-03	 4.07158214E-03	 3.80613432E-04	 3.04045935E-05	 1.57027829E-06	 4.93790797E-03	 2.44637304E-02	 2.18703866E-03	 2.61652312E-04	 1.52702335E-05	-1.17102383E-07
 1.900000E-01	-1.82076665E-02	 4.04434418E-03	 4.40638386E-03	 4.23172347E-04	 3.47251356E-05	 1.84107352E-06	 5.08341039E-03	 2.57940608E-02	 2.36585692E-03	 2.91030617E-04	 1.74578743E-05	-1.39441058E-07
 1.950000E-01	-1.86750530E-02	 4.19436750E-03	 4.75857544E-03	 4.69170294E-04	 3.95224799E-05	 2.14977794E-06	 5.22993357E-03	 2.71573183E-02	 2.55379989E-03	 3.22799492E-04	 1.98901763E-05	-1.65278393E-07
 2.000000E-01	-1.91411756E-02	 4.34098591E-03	 5.12855424E-03	 5.18783467E-04	 4.48344666E-05	 2.50060595E-06	 5.37751396E-03	 2.85531330E-02	 2.75103967E-03	 3.57086764E-04	 2.25872382E-05	-1.94965544E-07
 2.050000E-01	-1.96059831E-02	 4.48384436E-03	 5.51667542E-03	 5.72190327E-04	 5.07019307E-05	 2.89814802E-06	 5.52619394E-03	 2.99810527E-02	 2.95774561E-03	 3.94015107E-04	 2.55706635E-05	-2.28986298E-07
 2.100000E-01	-2.00694342E-02	 4.62216316E-03	 5.92333162E-03	 6.29573648E-04	 5.71664556E-05	 3.34729815E-06	 5.67600490E-03	 3.14406368E-02	 3.17408402E-03	 4.33718530E-04	 2.88626523E-05	-2.67719850E-07
 2.150000E-01	-2.05314751E-02	 4.75561468E-03	 6.34886900E-03	 6.91119959E-04	 6.42732720E-05	 3.85339065E-06	 5.82698923E-03	 3.29313849E-02	 3.40021311E-03	 4.76324360E-04	 3.24870798E-05	-3.11715269E-07
 2.200000E-01	-2.09920852E-02	 4.88337038E-03	 6.79367498E-03	 7.57018782E-04	 7.20682096E-05	 4.42215010E-06	 5.97918302E-03	 3.44527701E-02	 3.63629197E-03	 5.21973781E-04	 3.64687748E-05	-3.61383007E-07
 2.250000E-01	-2.14512187E-02	 5.00514286E-03	 7.25808586E-03	 8.27465821E-04	 8.06005922E-05	 5.05976390E-06	 6.13263372E-03	 3.60042468E-02	 3.88246445E-03	 5.70798639E-04	 4.08339086E-05	-4.17312701E-07
 2.300000E-01	-2.19088513E-02	 5.12005285E-03	 7.74249207E-03	 9.02656765E-04	 8.99207456E-05	 5.77290961E-06	 6.28737662E-03	 3.75851938E-02	 4.13888589E-03	 6.22946389E-04	 4.56102709E-05	-4.80009018E-07
 2.350000E-01	-2.23649517E-02	 5.22786517E-03	 8.24722582E-03	 9.82795391E-04	 1.00082777E-04	 6.56870842E-06	 6.44345168E-03	 3.91950321E-02	 4.40568704E-03	 6.78555295E-04	 5.08270663E-05	-5.50118325E-07
 2.400000E-01	-2.28194991E-02	 5.32765516E-03	 8.77267496E-03	 1.06808469E-03	 1.11141353E-04	 7.45478633E-06	 6.60090700E-03	 4.08330302E-02	 4.68302067E-03	 7.37777899E-04	 5.65143425E-05	-6.28190795E-07
 2.450000E-01	-2.32724782E-02	 5.41925004E-03	 9.31917360E-03	 1.15873774E-03	 1.23155529E-04	 8.43932042E-06	 6.75978144E-03	 4.24985765E-02	 4.97100817E-03	 8.00758002E-04	 6.27042506E-05	-7.14962444E-07
 2.500000E-01	-2.37238849E-02	 5.50168531E-03	 9.88711756E-03	 1.25496450E-03	 1.36185170E-04	 9.53104249E-06	 6.92011156E-03	 4.41908122E-02	 5.26979346E-03	 8.67656204E-04	 6.94299969E-05	-8.10985367E-07
 2.550000E-01	-2.41736895E-02	 5.57485871E-03	 1.04768388E-02	 1.35698605E-03	 1.50293650E-04	 1.07393380E-05	 7.08195426E-03	 4.59091035E-02	 5.57948582E-03	 9.38620598E-04	 7.67272154E-05	-9.17092889E-07
 2.600000E-01	-2.46219243E-02	 5.63777739E-03	 1.10887414E-02	 1.46502069E-03	 1.65546704E-04	 1.20740906E-05	 7.24532709E-03	 4.76524492E-02	 5.90023294E-03	 1.01381798E-03	 8.46319073E-05	-1.03397581E-06
 2.650000E-01	-2.50685708E-02	 5.69042397E-03	 1.17231656E-02	 1.57929919E-03	 1.82012822E-04	 1.35459632E-05	 7.41029660E-03	 4.94202065E-02	 6.23213037E-03	 1.09340400E-03	 9.31828263E-05	-1.16248140E-06
 2.700000E-01	-2.55136485E-02	 5.73177807E-03	 1.23805267E-02	 1.70004777E-03	 1.99763017E-04	 1.51662443E-05	 7.57687606E-03	 5.12112053E-02	 6.57532737E-03	 1.17755161E-03	 1.02419725E-04	-1.30348262E-06
 2.750000E-01	-2.59571725E-02	 5.76192264E-03	 1.30611716E-02	 1.82750619E-03	 2.18871645E-04	 1.69468589E-05	 7.74512694E-03	 5.30248113E-02	 6.92990156E-03	 1.26642212E-03	 1.12384853E-04	-1.45791802E-06
 2.800000E-01	-2.63991668E-02	 5.77982821E-03	 1.37655313E-02	 1.96190850E-03	 2.39415103E-04	 1.89005356E-05	 7.91507448E-03	 5.48596572E-02	 7.29601534E-03	 1.36019554E-03	 1.23121057E-04	-1.62660993E-06
 2.850000E-01	-2.68396518E-02	 5.78567982E-03	 1.44939645E-02	 2.10350663E-03	 2.61473564E-04	 2.10409848E-05	 8.08677365E-03	 5.67151345E-02	 7.67372718E-03	 1.45904097E-03	 1.34674822E-04	-1.81083625E-06
 2.900000E-01	-2.72786728E-02	 5.77845956E-03	 1.52469213E-02	 2.25254224E-03	 2.85130552E-04	 2.33823682E-05	 8.26020604E-03	 5.85896590E-02	 8.06320312E-03	 1.56314445E-03	 1.47093165E-04	-2.01151576E-06
 2.950000E-01	-2.77162755E-02	 5.75846719E-03	 1.60247723E-02	 2.40928174E-03	 3.10471751E-04	 2.59400193E-05	 8.43546423E-03	 6.04826593E-02	 8.46449199E-03	 1.67268106E-03	 1.60425726E-04	-2.22995753E-06
 3.000000E-01	-2.81524888E-02	 5.72471374E-03	 1.68279868E-02	 2.57396996E-03	 3.37586471E-04	 2.87299244E-05	 8.61253093E-03	 6.23922966E-02	 8.87775692E-03	 1.78784604E-03	 1.74723834E-04	-2.46733348E-06
 3.050000E-01	-2.85873712E-02	 5.67761317E-03	 1.76569598E-02	 2.74688821E-03	 3.66568357E-04	 3.17692301E-05	 8.79145147E-03	 6.43180729E-02	 9.30304662E-03	 1.90882175E-03	 1.90041950E-04	-2.72520209E-06
 3.100000E-01	-2.90210026E-02	 5.61625201E-03	 1.85121710E-02	 2.92829313E-03	 3.97512863E-04	 3.50758616E-05	 8.97221945E-03	 6.62578587E-02	 9.74053462E-03	 2.03580896E-03	 2.06435276E-04	-3.00496158E-06
 3.150000E-01	-2.94534170E-02	 5.54115153E-03	 1.93940438E-02	 3.11847628E-03	 4.30521090E-04	 3.86691792E-05	 9.15491177E-03	 6.82112519E-02	 1.01902333E-02	 2.16899976E-03	 2.23962671E-04	-3.30811256E-06
 3.200000E-01	-2.98847154E-02	 5.45150855E-03	 2.03030705E-02	 3.31770266E-03	 4.65696182E-04	 4.25691513E-05	 9.33941555E-03	 7.01758198E-02	 1.06523455E-02	 2.30860029E-03	 2.42684844E-04	-3.63621554E-06
 3.250000E-01	-3.03149595E-02	 5.34795737E-03	 2.12397059E-02	 3.52628129E-03	 5.03145087E-04	 4.67974823E-05	 9.52585705E-03	 7.21512841E-02	 1.11268593E-02	 2.45481206E-03	 2.62664462E-04	-3.99122163E-06
 3.300000E-01	-3.07442561E-02	 5.22985150E-03	 2.22044568E-02	 3.74448236E-03	 5.42980434E-04	 5.13761394E-05	 9.71415093E-03	 7.41348510E-02	 1.16139921E-02	 2.60784843E-03	 2.83968568E-04	-4.37495913E-06
 3.350000E-01	-3.11726803E-02	 5.09792442E-03	 2.31978056E-02	 3.97263357E-03	 5.85316714E-04	 5.63298892E-05	 9.90433587E-03	 7.61264302E-02	 1.21137156E-02	 2.76791754E-03	 3.06664479E-04	-4.78903884E-06
 3.400000E-01	-3.16003385E-02	 4.95174120E-03	 2.42202798E-02	 4.21101357E-03	 6.30274219E-04	 6.16829860E-05	 1.00963116E-02	 7.81228482E-02	 1.26262565E-02	 2.93524525E-03	 3.30824392E-04	-5.23562631E-06
 3.450000E-01	-3.20273589E-02	 4.79212219E-03	 2.52723985E-02	 4.45996291E-03	 6.77977487E-04	 6.74632299E-05	 1.02901147E-02	 8.01242405E-02	 1.31515668E-02	 3.11004379E-03	 3.56522722E-04	-5.71684693E-06
 3.500000E-01	-3.24537947E-02	 4.61890603E-03	 2.63547008E-02	 4.71977487E-03	 7.28552844E-04	 7.36978022E-05	 1.04856288E-02	 8.21270347E-02	 1.36899013E-02	 3.29254413E-03	 3.83836582E-04	-6.23477447E-06
 3.550000E-01	-3.28798287E-02	 4.43296376E-03	 2.74677518E-02	 4.99080510E-03	 7.82136268E-04	 8.04172085E-05	 1.06829014E-02	 8.41316357E-02	 1.42411839E-02	 3.48297727E-03	 4.12847638E-04	-6.79143325E-06
 3.600000E-01	-3.33056035E-02	 4.23452747E-03	 2.86121030E-02	 5.27335079E-03	 8.38863238E-04	 8.76523868E-05	 1.08817032E-02	 8.61340881E-02	 1.48056899E-02	 3.68157105E-03	 4.43637160E-04	-7.38941014E-06
 3.650000E-01	-3.37311378E-02	 4.02442379E-03	 2.97883656E-02	 5.56779539E-03	 8.98876422E-04	 9.54371157E-05	 1.10820910E-02	 8.81351237E-02	 1.53833281E-02	 3.88857030E-03	 4.76295934E-04	-8.03014306E-06
 3.700000E-01	-3.41566729E-02	 3.80336627E-03	 3.09971019E-02	 5.87444244E-03	 9.62325377E-04	 1.03805489E-04	 1.12838408E-02	 9.01303800E-02	 1.59743907E-02	 4.10421401E-03	 5.10912387E-04	-8.71719861E-06
 3.750000E-01	-3.45824147E-02	 3.57215237E-03	 3.22390269E-02	 6.19369116E-03	 1.02936180E-03	 1.12795713E-04	 1.14869892E-02	 9.21209991E-02	 1.65787765E-02	 4.32875649E-03	 5.47583947E-04	-9.45175425E-06
 3.800000E-01	-3.50083668E-02	 3.33202731E-03	 3.35146864E-02	 6.52586706E-03	 1.10014210E-03	 1.22445300E-04	 1.16912344E-02	 9.41022242E-02	 1.71968419E-02	 4.56244548E-03	 5.86404613E-04	-1.02374441E-05
 3.850000E-01	-3.54348023E-02	 3.08363845E-03	 3.48248945E-02	 6.87138707E-03	 1.17483425E-03	 1.32796705E-04	 1.18965177E-02	 9.60757203E-02	 1.78284342E-02	 4.80554708E-03	 6.27482734E-04	-1.10751859E-05
 3.900000E-01	-3.58619280E-02	 2.82898272E-03	 3.61702236E-02	 7.23058887E-03	 1.25360180E-03	 1.43892473E-04	 1.21026529E-02	 9.80363405E-02	 1.84739427E-02	 5.05831791E-03	 6.70921348E-04	-1.19690255E-05
 3.950000E-01	-3.62898052E-02	 2.56837522E-03	 3.75515970E-02	 7.60391845E-03	 1.33662580E-03	 1.55778207E-04	 1.23094465E-02	 9.99863135E-02	 1.91332687E-02	 5.32105250E-03	 7.16833175E-04	-1.29207421E-05
 4.000000E-01	-3.67186463E-02	 2.30466758E-03	 3.89695987E-02	 7.99173524E-03	 1.42408570E-03	 1.68501568E-04	 1.25166011E-02	 1.01920227E-01	 1.98068128E-02	 5.59399687E-03	 7.65331892E-04	-1.39333615E-05
 4.050000E-01	-3.71489531E-02	 2.03788825E-03	 4.04252989E-02	 8.39451755E-03	 1.51617154E-03	 1.82114817E-04	 1.27241951E-02	 1.03840784E-01	 2.04944850E-02	 5.87748950E-03	 8.16546847E-04	-1.50100252E-05
 4.100000E-01	-3.75802294E-02	 1.77166152E-03	 4.19192893E-02	 8.81264791E-03	 1.61307924E-03	 1.96667517E-04	 1.29314279E-02	 1.05742437E-01	 2.11967554E-02	 6.17178050E-03	 8.70595003E-04	-1.61532130E-05
 4.150000E-01	-3.80134079E-02	 1.50567436E-03	 4.34527499E-02	 9.24662596E-03	 1.71500807E-03	 2.12220133E-04	 1.31385754E-02	 1.07628492E-01	 2.19135361E-02	 6.47720983E-03	 9.27620705E-04	-1.73659964E-05
 4.200000E-01	-3.84484159E-02	 1.24482190E-03	 4.50263288E-02	 9.69685416E-03	 1.82216925E-03	 2.28827141E-04	 1.33450503E-02	 1.09493144E-01	 2.26453399E-02	 6.79406242E-03	 9.87743581E-04	-1.86500851E-05
 4.250000E-01	-3.88854817E-02	 9.87930531E-04	 4.66414043E-02	 1.01638717E-02	 1.93478238E-03	 2.46554545E-04	 1.35506049E-02	 1.11340496E-01	 2.33921372E-02	 7.12269753E-03	 1.05111794E-03	-2.00120473E-05
 4.300000E-01	-3.93246482E-02	 7.41315392E-04	 4.82985520E-02	 1.06480836E-02	 2.05306552E-03	 2.65461134E-04	 1.37548997E-02	 1.13164698E-01	 2.41545633E-02	 7.46338011E-03	 1.11788308E-03	-2.14540594E-05
 4.350000E-01	-3.97664342E-02	 5.03031265E-04	 4.99994306E-02	 1.11500915E-02	 2.17725564E-03	 2.85622064E-04	 1.39573024E-02	 1.14970552E-01	 2.49325797E-02	 7.81652091E-03	 1.18819739E-03	-2.29763033E-05
 4.400000E-01	-4.02107675E-02	 2.80896343E-04	 5.17446400E-02	 1.16703137E-02	 2.30759266E-03	 3.07105399E-04	 1.41578857E-02	 1.16752301E-01	 2.57268736E-02	 8.18240874E-03	 1.26221115E-03	-2.45890944E-05
 4.450000E-01	-4.06579513E-02	 7.18858404E-05	 5.35357936E-02	 1.22094485E-02	 2.44433007E-03	 3.29993887E-04	 1.43559168E-02	 1.18515166E-01	 2.65375269E-02	 8.56149898E-03	 1.34011266E-03	-2.62909859E-05
 4.500000E-01	-4.11083236E-02	-1.14366256E-04	 5.53737070E-02	 1.27679041E-02	 2.58774959E-03	 3.54360130E-04	 1.45509098E-02	 1.20254258E-01	 2.73652508E-02	 8.95408205E-03	 1.42205649E-03	-2.80853045E-05
 4.550000E-01	-4.15619819E-02	-2.82215038E-04	 5.72602885E-02	 1.33464275E-02	 2.73811992E-03	 3.80298626E-04	 1.47425149E-02	 1.21975098E-01	 2.82101796E-02	 9.36062983E-03	 1.50825577E-03	-2.99756493E-05
 4.600000E-01	-4.20190251E-02	-4.19733077E-04	 5.91961912E-02	 1.39455247E-02	 2.89570220E-03	 4.07894569E-04	 1.49298403E-02	 1.23673638E-01	 2.90732503E-02	 9.78151201E-03	 1.59885963E-03	-3.19775879E-05
 4.650000E-01	-4.24796831E-02	-5.32788949E-04	 6.11835940E-02	 1.45658905E-02	 3.06079982E-03	 4.37240918E-04	 1.51128585E-02	 1.25356086E-01	 2.99548881E-02	 1.02172238E-02	 1.69410674E-03	-3.40792369E-05
 4.700000E-01	-4.29445426E-02	-6.06825714E-04	 6.32232197E-02	 1.52080888E-02	 3.23375958E-03	 4.68432864E-04	 1.52907701E-02	 1.27019468E-01	 3.08558952E-02	 1.06680737E-02	 1.79415487E-03	-3.62948197E-05
 4.750000E-01	-4.34130305E-02	-6.50193587E-04	 6.53176485E-02	 1.58729083E-02	 3.41484786E-03	 5.01593304E-04	 1.54635824E-02	 1.28670509E-01	 3.17768072E-02	 1.11347101E-02	 1.89929142E-03	-3.86368278E-05
 4.800000E-01	-4.38857794E-02	-6.45108545E-04	 6.74674119E-02	 1.65610348E-02	 3.60442728E-03	 5.36811077E-04	 1.56293928E-02	 1.30308188E-01	 3.27183847E-02	 1.16174916E-02	 2.00967712E-03	-4.10851638E-05
 4.850000E-01	-4.43625598E-02	-6.02207118E-04	 6.96751503E-02	 1.72731695E-02	 3.80287790E-03	 5.74244252E-04	 1.57883461E-02	 1.31939834E-01	 3.36818955E-02	 1.21171366E-02	 2.12561418E-03	-4.36723372E-05
 4.900000E-01	-4.48430537E-02	-5.00732954E-04	 7.19417188E-02	 1.80102229E-02	 4.01051792E-03	 6.13993227E-04	 1.59392194E-02	 1.33566791E-01	 3.46676024E-02	 1.26339740E-02	 2.24734764E-03	-4.63758009E-05
 4.950000E-01	-4.53298604E-02	-3.53047215E-04	 7.42701574E-02	 1.87728696E-02	 4.22784672E-03	 6.56182474E-04	 1.60819805E-02	 1.35197370E-01	 3.56776152E-02	 1.31688236E-02	 2.37512800E-03	-4.92428446E-05
 5.000000E-01	-4.58196416E-02	-1.35812657E-04	 7.66612173E-02	 1.95619767E-02	 4.45506694E-03	 7.00978497E-04	 1.62159969E-02	 1.36836853E-01	 3.67122361E-02	 1.37220839E-02	 2.50928987E-03	-5.22225767E-05
 5.050000E-01	-4.63146582E-02	 1.35428481E-04	 7.91183401E-02	 2.03784493E-02	 4.69278283E-03	 7.48522150E-04	 1.63400775E-02	 1.38493288E-01	 3.77732690E-02	 1.42946053E-02	 2.65003284E-03	-5.53565628E-05
 5.100000E-01	-4.68129749E-02	 4.87321749E-04	 8.16422588E-02	 2.12230909E-02	 4.94130688E-03	 7.98930260E-04	 1.64528110E-02	 1.40179403E-01	 3.88621133E-02	 1.48870334E-02	 2.79780497E-03	-5.85844856E-05
 5.150000E-01	-4.73190283E-02	 9.02905540E-04	 8.42365940E-02	 2.20968791E-02	 5.20114262E-03	 8.52441185E-04	 1.65545673E-02	 1.41903460E-01	 3.99803960E-02	 1.55005197E-02	 2.95279464E-03	-6.19792188E-05
 5.200000E-01	-4.78266295E-02	 1.40817488E-03	 8.69032429E-02	 2.30009298E-02	 5.47279033E-03	 9.09247490E-04	 1.66435697E-02	 1.43685906E-01	 4.11294330E-02	 1.61348817E-02	 3.11555021E-03	-6.55221124E-05
 5.250000E-01	-4.83400574E-02	 1.98167520E-03	 8.96443819E-02	 2.39359571E-02	 5.75682077E-03	 9.69392214E-04	 1.67189053E-02	 1.45535273E-01	 4.23127307E-02	 1.67918815E-02	 3.28636462E-03	-6.91983512E-05
 5.300000E-01	-4.88560076E-02	 2.65042635E-03	 9.24630614E-02	 2.49031318E-02	 6.05349180E-03	 1.03323815E-03	 1.67806577E-02	 1.47488007E-01	 4.35304996E-02	 1.74720430E-02	 3.46569853E-03	-7.29593600E-05
 5.350000E-01	-4.93783345E-02	 3.38726742E-03	 9.53637208E-02	 2.59034366E-02	 6.36363103E-03	 1.10081285E-03	 1.68261117E-02	 1.49551256E-01	 4.47879696E-02	 1.81761247E-02	 3.65388079E-03	-7.68483655E-05
 5.400000E-01	-4.99042865E-02	 4.21931518E-03	 9.83466581E-02	 2.69385197E-02	 6.68746405E-03	 1.17268247E-03	 1.68555884E-02	 1.51777311E-01	 4.60861202E-02	 1.89059224E-02	 3.85134017E-03	-8.09494441E-05
 5.450000E-01	-5.04311137E-02	 5.09447197E-03	 1.01417473E-01	 2.80089404E-02	 7.02576466E-03	 1.24869708E-03	 1.68713751E-02	 1.54176206E-01	 4.74312025E-02	 1.96619525E-02	 4.05879086E-03	-8.50605304E-05
 5.500000E-01	-5.09632631E-02	 6.04116258E-03	 1.04577527E-01	 2.91162906E-02	 7.37911679E-03	 1.32933171E-03	 1.68641290E-02	 1.56823602E-01	 4.88245591E-02	 2.04451572E-02	 4.27635204E-03	-8.92754744E-05
 5.550000E-01	-5.14961366E-02	 6.98016417E-03	 1.07830901E-01	 3.02610612E-02	 7.74799760E-03	 1.41481354E-03	 1.68415301E-02	 1.59724282E-01	 5.02752168E-02	 2.12569901E-02	 4.50550241E-03	-9.36438464E-05
 5.600000E-01	-5.20338385E-02	 7.89926511E-03	 1.11178482E-01	 3.14451375E-02	 8.13370239E-03	 1.50504101E-03	 1.67991591E-02	 1.62979391E-01	 5.17862302E-02	 2.20995242E-02	 4.74524786E-03	-9.79688279E-05
 5.650000E-01	-5.25723885E-02	 8.70363896E-03	 1.14624346E-01	 3.26701464E-02	 8.53538271E-03	 1.60104154E-03	 1.67358630E-02	 1.66583106E-01	 5.33687783E-02	 2.29733908E-02	 4.99782419E-03	-1.02464507E-04
 5.700000E-01	-5.31118395E-02	 9.30611658E-03	 1.18165090E-01	 3.39363888E-02	 8.95544985E-03	 1.70264581E-03	 1.66549142E-02	 1.70627335E-01	 5.50287057E-02	 2.38799011E-02	 5.26270550E-03	-1.06693147E-04
 5.750000E-01	-5.36526023E-02	 9.56492153E-03	 1.21800632E-01	 3.52458466E-02	 9.39338738E-03	 1.81007833E-03	 1.65457564E-02	 1.75057385E-01	 5.67758388E-02	 2.48214632E-02	 5.54082737E-03	-1.11318933E-04
 5.800000E-01	-5.41973963E-02	 9.33533634E-03	 1.25522399E-01	 3.65993928E-02	 9.85040044E-03	 1.92402911E-03	 1.64214814E-02	 1.79927291E-01	 5.86183777E-02	 2.57998190E-02	 5.83339339E-03	-1.15540114E-04
 5.850000E-01	-5.47392650E-02	 8.45349696E-03	 1.29324971E-01	 3.79968582E-02	 1.03273874E-02	 2.04429926E-03	 1.62645723E-02	 1.85030516E-01	 6.05616198E-02	 2.68163445E-02	 6.14078149E-03	-1.19784214E-04
 5.900000E-01	-5.52865505E-02	 6.77322966E-03	 1.33196094E-01	 3.94420626E-02	 1.08246920E-02	 2.17173084E-03	 1.60907696E-02	 1.90315881E-01	 6.26054776E-02	 2.78712941E-02	 6.46378353E-03	-1.23842696E-04
 5.950000E-01	-5.58261765E-02	 4.28458787E-03	 1.37126117E-01	 4.09343924E-02	 1.13441076E-02	 2.30671657E-03	 1.58859159E-02	 1.95426615E-01	 6.47442326E-02	 2.89689071E-02	 6.80214608E-03	-1.27600735E-04
 6.000000E-01	-5.63733971E-02	 9.57883412E-04	 1.41109116E-01	 4.24744578E-02	 1.18846045E-02	 2.44945073E-03	 1.56511233E-02	 2.00238890E-01	 6.69669488E-02	 3.01076877E-02	 7.15926725E-03	-1.32051822E-04
 6.050000E-01	-5.69124139E-02	-2.99226944E-03	 1.45156984E-01	 4.40687393E-02	 1.24497112E-02	 2.60050719E-03	 1.53887366E-02	 2.04474396E-01	 6.92641572E-02	 3.12921047E-02	 7.53297773E-03	-1.35527888E-04
 6.100000E-01	-5.74505106E-02	-7.44855569E-03	 1.49271206E-01	 4.57140667E-02	 1.30377092E-02	 2.76013554E-03	 1.50856971E-02	 2.08057771E-01	 7.16217322E-02	 3.25163972E-02	 7.92520632E-03	-1.39082735E-04
 6.150000E-01	-5.79777864E-02	-1.21533226E-02	 1.53463290E-01	 4.74155238E-02	 1.36518882E-02	 2.92889915E-03	 1.47456404E-02	 2.10916674E-01	 7.40426831E-02	 3.37904998E-02	 8.33754037E-03	-1.42371964E-04
 6.200000E-01	-5.85062239E-02	-1.70037277E-02	 1.57757191E-01	 4.91747434E-02	 1.42912674E-02	 3.10790787E-03	 1.43814045E-02	 2.13105488E-01	 7.65065391E-02	 3.51121477E-02	 8.77076443E-03	-1.45886831E-04
 6.250000E-01	-5.90011646E-02	-2.18149886E-02	 1.62170839E-01	 5.09999400E-02	 1.49597519E-02	 3.29732663E-03	 1.39764106E-02	 2.14695473E-01	 7.90572968E-02	 3.64827087E-02	 9.22506446E-03	-1.49138781E-04
 6.300000E-01	-5.94886742E-02	-2.65589010E-02	 1.66707531E-01	 5.28861106E-02	 1.56566243E-02	 3.49671542E-03	 1.35388486E-02	 2.15721032E-01	 8.16550748E-02	 3.79116355E-02	 9.70263084E-03	-1.50918069E-04
 6.350000E-01	-5.99561618E-02	-3.11614376E-02	 1.71397064E-01	 5.48420713E-02	 1.63848199E-02	 3.70918363E-03	 1.30755921E-02	 2.16295234E-01	 8.43459145E-02	 3.93921073E-02	 1.02027833E-02	-1.52972285E-04
 6.400000E-01	-6.03952861E-02	-3.55575077E-02	 1.76239423E-01	 5.68746502E-02	 1.71444596E-02	 3.93233400E-03	 1.25550422E-02	 2.16492304E-01	 8.71020173E-02	 4.09365358E-02	 1.07301013E-02	-1.55920777E-04
 6.450000E-01	-6.08095812E-02	-3.97867551E-02	 1.81253921E-01	 5.89812739E-02	 1.79368313E-02	 4.17052031E-03	 1.20340591E-02	 2.16366295E-01	 8.99805477E-02	 4.25425111E-02	 1.12809988E-02	-1.57470148E-04
 6.500000E-01	-6.12047292E-02	-4.38268760E-02	 1.86443870E-01	 6.11653100E-02	 1.87647684E-02	 4.42225382E-03	 1.14787395E-02	 2.15916843E-01	 9.29627783E-02	 4.42117508E-02	 1.18644681E-02	-1.60484606E-04
 6.550000E-01	-6.15679119E-02	-4.76955156E-02	 1.91840253E-01	 6.34308787E-02	 1.96317119E-02	 4.68945799E-03	 1.08930693E-02	 2.15286298E-01	 9.61032821E-02	 4.59648469E-02	 1.24764076E-02	-1.60899086E-04
 6.600000E-01	-6.19006484E-02	-5.13448287E-02	 1.97444008E-01	 6.57975233E-02	 2.05358990E-02	 4.96879539E-03	 1.02836331E-02	 2.14441497E-01	 9.93367344E-02	 4.77904301E-02	 1.31195834E-02	-1.61383353E-04
 6.650000E-01	-6.21999870E-02	-5.48663226E-02	 2.03264090E-01	 6.82454421E-02	 2.14797135E-02	 5.26990541E-03	 9.64878190E-03	 2.13402500E-01	 1.02744694E-01	 4.96931057E-02	 1.37992752E-02	-1.60540950E-04
 6.700000E-01	-6.24658673E-02	-5.81943638E-02	 2.09299108E-01	 7.07864402E-02	 2.24722183E-02	 5.58471303E-03	 8.99469596E-03	 2.12190763E-01	 1.06279002E-01	 5.16970693E-02	 1.45081839E-02	-1.61483116E-04
 6.750000E-01	-6.26980336E-02	-6.14253736E-02	 2.15586859E-01	 7.34402899E-02	 2.35081773E-02	 5.92395543E-03	 8.32363996E-03	 2.10931240E-01	 1.10000009E-01	 5.37867758E-02	 1.52587814E-02	-1.57839097E-04
 6.800000E-01	-6.28922836E-02	-6.44549118E-02	 2.22126558E-01	 7.61812565E-02	 2.45855407E-02	 6.28275755E-03	 7.63370527E-03	 2.09419234E-01	 1.13849955E-01	 5.59699980E-02	 1.60577832E-02	-1.55961000E-04
 6.850000E-01	-6.30456817E-02	-6.74236939E-02	 2.28940054E-01	 7.90504317E-02	 2.57285137E-02	 6.66239830E-03	 6.92908571E-03	 2.07836095E-01	 1.17894705E-01	 5.82642704E-02	 1.68895528E-02	-1.54301480E-04
 6.900000E-01	-6.31601303E-02	-7.02493189E-02	 2.36083113E-01	 8.20304273E-02	 2.69116701E-02	 7.06739732E-03	 6.21330408E-03	 2.06240098E-01	 1.21950253E-01	 6.06987643E-02	 1.77779612E-02	-1.47349646E-04
 6.950000E-01	-6.32387655E-02	-7.30124439E-02	 2.43457940E-01	 8.51152104E-02	 2.81535614E-02	 7.49918520E-03	 5.48872612E-03	 2.04457851E-01	 1.26262531E-01	 6.32304555E-02	 1.87182881E-02	-1.40225522E-04
 7.000000E-01	-6.32764444E-02	-7.57280479E-02	 2.51243438E-01	 8.83224784E-02	 2.94550547E-02	 7.95751104E-03	 4.75855595E-03	 2.02543945E-01	 1.30328980E-01	 6.58882127E-02	 1.97113023E-02	-1.31363205E-04
 7.050000E-01	-6.32712061E-02	-7.84798466E-02	 2.59134631E-01	 9.16510374E-02	 3.08176009E-02	 8.44580253E-03	 4.02025008E-03	 2.00592859E-01	 1.34564046E-01	 6.86988252E-02	 2.07644354E-02	-1.17957922E-04
 7.100000E-01	-6.32313320E-02	-8.12063905E-02	 2.67453363E-01	 9.51384847E-02	 3.22324471E-02	 8.96604105E-03	 3.27473804E-03	 1.98092452E-01	 1.38161597E-01	 7.16595290E-02	 2.18908906E-02	-9.91680644E-05
 7.150000E-01	-6.31411073E-02	-8.39586694E-02	 2.75526776E-01	 9.87218078E-02	 3.37280176E-02	 9.51880607E-03	 2.53510841E-03	 1.95876740E-01	 1.41321576E-01	 7.47901560E-02	 2.30727024E-02	-8.01511478E-05
 7.200000E-01	-6.30281642E-02	-8.69794553E-02	 2.82532855E-01	 1.02419826E-01	 3.52824750E-02	 1.01094147E-02	 1.78184327E-03	 1.93173137E-01	 1.44194700E-01	 7.80568329E-02	 2.43405229E-02	-5.00439795E-05
 7.250000E-01	-6.28714160E-02	-9.00216507E-02	 2.87998233E-01	 1.06198522E-01	 3.69251216E-02	 1.07377270E-02	 1.04686163E-03	 1.90826227E-01	 1.46789069E-01	 8.15508114E-02	 2.56855476E-02	-1.80287456E-05
 7.300000E-01	-6.26584037E-02	-9.32207715E-02	 2.91786591E-01	 1.10178087E-01	 3.86285886E-02	 1.14100924E-02	 3.25296657E-04	 1.88308797E-01	 1.50173140E-01	 8.52753246E-02	 2.71405277E-02	 2.21985214E-05
 7.350000E-01	-6.24206933E-02	-9.65352173E-02	 2.94748031E-01	 1.14224712E-01	 4.04026903E-02	 1.21277470E-02	-3.98631730E-04	 1.85989429E-01	 1.55375598E-01	 8.92779174E-02	 2.86883143E-02	 7.79806772E-05
 7.400000E-01	-6.21295127E-02	-9.99125188E-02	 2.97026444E-01	 1.18454350E-01	 4.22443366E-02	 1.28855707E-02	-1.07450569E-03	 1.83680821E-01	 1.62477654E-01	 9.34878121E-02	 3.03185406E-02	 1.34900906E-04
 7.450000E-01	-6.17781628E-02	-1.03131854E-01	 2.99544916E-01	 1.22717037E-01	 4.42069212E-02	 1.36964954E-02	-1.75140116E-03	 1.81389975E-01	 1.71506878E-01	 9.79833337E-02	 3.20836492E-02	 2.05641764E-04
 7.500000E-01	-6.13756078E-02	-1.06199169E-01	 3.01569871E-01	 1.27356204E-01	 4.62049662E-02	 1.45604892E-02	-2.41807936E-03	 1.79032082E-01	 1.81675821E-01	 1.02701273E-01	 3.39698991E-02	 2.95904567E-04
 7.550000E-01	-6.09128045E-02	-1.09138602E-01	 3.03940839E-01	 1.31920899E-01	 4.83231363E-02	 1.54873784E-02	-3.06239757E-03	 1.76641015E-01	 1.93614794E-01	 1.07903569E-01	 3.60050668E-02	 4.02407478E-04
 7.600000E-01	-6.03934714E-02	-1.11995437E-01	 3.06068655E-01	 1.36735235E-01	 5.05194097E-02	 1.64675467E-02	-3.70004274E-03	 1.74066199E-01	 2.06705688E-01	 1.13458621E-01	 3.81738039E-02	 5.25231297E-04
 7.650000E-01	-5.98136206E-02	-1.14764590E-01	 3.08127140E-01	 1.41688883E-01	 5.28129678E-02	 1.75152307E-02	-4.31222210E-03	 1.71399804E-01	 2.21403001E-01	 1.19459604E-01	 4.04942619E-02	 6.72437589E-04
 7.700000E-01	-5.91708356E-02	-1.17410623E-01	 3.09737072E-01	 1.46741510E-01	 5.51647169E-02	 1.86253841E-02	-4.91626442E-03	 1.68511511E-01	 2.37500884E-01	 1.25866678E-01	 4.30080653E-02	 8.36056380E-04
 7.750000E-01	-5.84627013E-02	-1.19961410E-01	 3.10954958E-01	 1.52108876E-01	 5.76690793E-02	 1.98014480E-02	-5.48960976E-03	 1.65510265E-01	 2.55609348E-01	 1.32768180E-01	 4.57028137E-02	 1.03916278E-03
 7.800000E-01	-5.76858359E-02	-1.22370600E-01	 3.11231212E-01	 1.57593562E-01	 6.02329010E-02	 2.10621763E-02	-6.04739984E-03	 1.62302137E-01	 2.75242838E-01	 1.40446780E-01	 4.85890629E-02	 1.25997603E-03
 7.850000E-01	-5.68411520E-02	-1.24655984E-01	 3.10593533E-01	 1.63324220E-01	 6.29148303E-02	 2.24009170E-02	-6.57224761E-03	 1.58908530E-01	 2.97382350E-01	 1.48776632E-01	 5.16969656E-02	 1.52753413E-03
 7.900000E-01	-5.59246370E-02	-1.26770675E-01	 3.08074666E-01	 1.69241673E-01	 6.56765853E-02	 2.38147083E-02	-7.07252047E-03	 1.55331085E-01	 3.21433493E-01	 1.57984793E-01	 5.50576610E-02	 1.83011912E-03
 7.950000E-01	-5.49348838E-02	-1.28706588E-01	 3.03505052E-01	 1.75335830E-01	 6.85555744E-02	 2.53217023E-02	-7.53306117E-03	 1.51547255E-01	 3.48866504E-01	 1.68287919E-01	 5.86757127E-02	 2.18530136E-03
 8.000000E-01	-5.38722880E-02	-1.30449688E-01	 2.95857554E-01	 1.81625902E-01	 7.15067619E-02	 2.69104814E-02	-7.96187294E-03	 1.47560800E-01	 3.78535390E-01	 1.79946538E-01	 6.26164529E-02	 2.58906264E-03
 8.050000E-01	-5.27357944E-02	-1.31975365E-01	 2.82968397E-01	 1.87791783E-01	 7.45634143E-02	 2.86032831E-02	-8.33973881E-03	 1.43387314E-01	 4.12277540E-01	 1.93296583E-01	 6.68711164E-02	 3.06280371E-03
 8.100000E-01	-5.15282732E-02	-1.33256193E-01	 2.63164630E-01	 1.93638164E-01	 7.76577795E-02	 3.03832948E-02	-8.67379348E-03	 1.39010303E-01	 4.48384365E-01	 2.09000037E-01	 7.15326010E-02	 3.60128124E-03
 8.150000E-01	-5.02561298E-02	-1.34317893E-01	 2.33054743E-01	 1.98359310E-01	 8.08130189E-02	 3.22719360E-02	-8.94479662E-03	 1.34458461E-01	 4.86664647E-01	 2.27589573E-01	 7.66071790E-02	 4.23203118E-03
 8.200000E-01	-4.89271544E-02	-1.35134646E-01	 1.89251601E-01	 2.00358924E-01	 8.38901086E-02	 3.42452569E-02	-9.16111017E-03	 1.29703360E-01	 5.20985561E-01	 2.49514151E-01	 8.21838878E-02	 4.94874177E-03
 8.250000E-01	-4.75576976E-02	-1.35776381E-01	 1.31016955E-01	 1.97376307E-01	 8.68682107E-02	 3.63232443E-02	-9.31334081E-03	 1.24719805E-01	 5.44545758E-01	 2.74090025E-01	 8.82206270E-02	 5.78104313E-03
 8.300000E-01	-4.61500333E-02	-1.36128062E-01	 6.71930519E-02	 1.87919910E-01	 8.96003723E-02	 3.84742778E-02	-9.42507050E-03	 1.19375313E-01	 5.47246224E-01	 2.98537410E-01	 9.47027544E-02	 6.70853833E-03
 8.350000E-01	-4.47054598E-02	-1.36108935E-01	 8.79388384E-03	 1.72790454E-01	 9.21846028E-02	 4.07323343E-02	-9.49474949E-03	 1.13656002E-01	 5.31160287E-01	 3.20071673E-01	 1.01517797E-01	 7.76078574E-03
 8.400000E-01	-4.32053812E-02	-1.35464718E-01	-3.57379425E-02	 1.54833796E-01	 9.46015283E-02	 4.30727439E-02	-9.52782962E-03	 1.07635802E-01	 5.04152969E-01	 3.38134433E-01	 1.08740494E-01	 8.91984119E-03
 8.450000E-01	-4.16644107E-02	-1.34255377E-01	-6.84787154E-02	 1.34882997E-01	 9.69785446E-02	 4.55382659E-02	-9.50648410E-03	 1.01476435E-01	 4.74253190E-01	 3.54206899E-01	 1.16387589E-01	 1.02343691E-02
 8.500000E-01	-4.00749346E-02	-1.32366470E-01	-9.02464965E-02	 1.14983694E-01	 9.92678773E-02	 4.80948723E-02	-9.42985449E-03	 9.52878147E-02	 4.45563347E-01	 3.71143284E-01	 1.24629598E-01	 1.16863477E-02
 8.550000E-01	-3.84660352E-02	-1.29955492E-01	-1.04574265E-01	 9.56447846E-02	 1.01608761E-01	 5.07943872E-02	-9.29379026E-03	 8.91230054E-02	 4.18847082E-01	 3.90205223E-01	 1.33485500E-01	 1.33323015E-02
 8.600000E-01	-3.68279801E-02	-1.26935807E-01	-1.12377636E-01	 8.03849659E-02	 1.03927043E-01	 5.35933988E-02	-9.10524566E-03	 8.30116364E-02	 3.93863265E-01	 4.11339213E-01	 1.43106528E-01	 1.51432309E-02
 8.650000E-01	-3.51986715E-02	-1.23496988E-01	-1.16620392E-01	 6.69138873E-02	 1.06344998E-01	 5.65495229E-02	-8.86939456E-03	 7.69638059E-02	 3.70017515E-01	 4.32696610E-01	 1.53549456E-01	 1.71931307E-02
 8.700000E-01	-3.35612508E-02	-1.19555694E-01	-1.17982463E-01	 5.60876893E-02	 1.08732345E-01	 5.96045978E-02	-8.58996991E-03	 7.10331589E-02	 3.47464797E-01	 4.53891700E-01	 1.65067535E-01	 1.94538535E-02
 8.750000E-01	-3.19559711E-02	-1.15267263E-01	-1.17768340E-01	 4.44723457E-02	 1.11251722E-01	 6.28320705E-02	-8.27840299E-03	 6.52276973E-02	 3.25983905E-01	 4.75027038E-01	 1.77856643E-01	 2.20343164E-02
 8.800000E-01	-3.03554707E-02	-1.10536632E-01	-1.16123373E-01	 3.33606829E-02	 1.13720031E-01	 6.61619754E-02	-7.93475692E-03	 5.96117002E-02	 3.05712330E-01	 4.96456908E-01	 1.92289573E-01	 2.49039284E-02
 8.850000E-01	-2.88054346E-02	-1.05498748E-01	-1.13596255E-01	 1.93800164E-02	 1.16311308E-01	 6.96816159E-02	-7.57971723E-03	 5.41759368E-02	 2.86264112E-01	 5.18353161E-01	 2.08780703E-01	 2.82202978E-02
 8.900000E-01	-2.72718624E-02	-1.00073343E-01	-1.10284734E-01	 3.96747994E-03	 1.18715328E-01	 7.33066070E-02	-7.21062690E-03	 4.90018834E-02	 2.67735133E-01	 5.40992805E-01	 2.27949602E-01	 3.19582087E-02
 8.950000E-01	-2.58045173E-02	-9.43914752E-02	-1.06394642E-01	-1.70760561E-02	 1.20956202E-01	 7.71368642E-02	-6.86447671E-03	 4.40646642E-02	 2.49683286E-01	 5.63713333E-01	 2.50726064E-01	 3.63706088E-02
 9.000000E-01	-2.43630705E-02	-8.84110856E-02	-1.02046064E-01	-4.25855475E-02	 1.22315451E-01	 8.10856324E-02	-6.53122566E-03	 3.94566201E-02	 2.32244233E-01	 5.86263598E-01	 2.78284585E-01	 4.14590663E-02
 9.050000E-01	-2.29977588E-02	-8.22687220E-02	-9.72496310E-02	-7.80375699E-02	 1.21941118E-01	 8.52356215E-02	-6.24558803E-03	 3.51305585E-02	 2.15030551E-01	 6.04982267E-01	 3.12585334E-01	 4.75845267E-02
 9.100000E-01	-2.16591678E-02	-7.59636474E-02	-9.21762276E-02	-1.21520648E-01	 1.17591312E-01	 8.94518900E-02	-5.97725634E-03	 3.11834051E-02	 1.98262900E-01	 6.16345722E-01	 3.55592477E-01	 5.47393897E-02
 9.150000E-01	-2.03941295E-02	-6.96264547E-02	-8.67866495E-02	-1.74269812E-01	 1.05445629E-01	 9.37373977E-02	-5.76605250E-03	 2.75249893E-02	 1.81559510E-01	 6.07816417E-01	 4.08660315E-01	 6.33062419E-02
 9.200000E-01	-1.91413694E-02	-6.32819556E-02	-8.12501928E-02	-2.21405029E-01	 8.28293962E-02	 9.79915858E-02	-5.56721102E-03	 2.42343092E-02	 1.65115251E-01	 5.73792572E-01	 4.69280889E-01	 7.30619842E-02
 9.250000E-01	-1.79307047E-02	-5.69915479E-02	-7.52982669E-02	-2.47735103E-01	 5.34940765E-02	 1.02392519E-01	-5.42706097E-03	 2.11687692E-02	 1.48481235E-01	 5.10672199E-01	 5.28320967E-01	 8.42462406E-02
 9.300000E-01	-1.66961679E-02	-5.07846121E-02	-6.90130357E-02	-2.48726805E-01	 2.93195310E-02	 1.07189402E-01	-5.27062048E-03	 1.84609222E-02	 1.32212303E-01	 4.37339163E-01	 5.79650666E-01	 9.65291757E-02
 9.350000E-01	-1.54670608E-02	-4.47046232E-02	-6.23230633E-02	-2.34073219E-01	 1.50962614E-02	 1.12495756E-01	-5.13448689E-03	 1.59908455E-02	 1.16221486E-01	 3.62005050E-01	 6.12821443E-01	 1.10387052E-01
 9.400000E-01	-1.42038395E-02	-3.88619010E-02	-5.56830409E-02	-2.13795649E-01	 6.86814136E-03	 1.18519679E-01	-4.92513737E-03	 1.39198120E-02	 1.01156658E-01	 2.95199598E-01	 6.32595859E-01	 1.25605865E-01
 9.450000E-01	-1.27592285E-02	-3.30593097E-02	-4.91097231E-02	-1.90868799E-01	-5.58645904E-17	 1.25204816E-01	-4.72574206E-03	 1.17882950E-02	 8.73611511E-02	 2.36764134E-01	 6.36731902E-01	 1.43154190E-01
 9.500000E-01	-1.16046541E-02	-2.80883998E-02	-4.22124016E-02	-1.68382759E-01	-8.26513455E-03	 1.32986661E-01	-4.37924685E-03	 1.07528397E-02	 7.37482586E-02	 1.88251643E-01	 6.34414155E-01	 1.62736142E-01
 9.550000E-01	-1.02440775E-02	-2.26212812E-02	-3.60987311E-02	-1.45324291E-01	-1.92021938E-02	 1.41338347E-01	-3.92631573E-03	 8.80038210E-03	 6.11730306E-02	 1.47142787E-01	 6.20582989E-01	 1.85902290E-01
 9.600000E-01	-8.95477289E-03	-1.87392995E-02	-3.00614268E-02	-1.23428450E-01	-3.57481075E-02	 1.50791830E-01	-3.48464082E-03	 8.16472417E-03	 5.01395928E-02	 1.12401993E-01	 6.01511658E-01	 2.12208198E-01
 9.650000E-01	-7.55124763E-03	-1.45967052E-02	-2.38502293E-02	-1.02661075E-01	-5.63682622E-02	 1.58967647E-01	-3.11275850E-03	 7.73199446E-03	 3.96669105E-02	 8.38773490E-02	 5.66318714E-01	 2.43430392E-01
 9.700000E-01	-6.16006360E-03	-1.07290295E-02	-1.84128230E-02	-8.34965700E-02	-8.58257181E-02	 1.65069370E-01	-2.37542273E-03	 6.14339351E-03	 3.08490702E-02	 5.99484128E-02	 5.17762207E-01	 2.77979741E-01
 9.750000E-01	-4.92183796E-03	-7.57407923E-03	-1.38459238E-02	-6.46084908E-02	-1.12092797E-01	 1.62951598E-01	-1.70470446E-03	 5.39901391E-03	 2.28950447E-02	 4.05620098E-02	 4.37544332E-01	 3.12586668E-01
 9.800000E-01	-3.69612553E-03	-5.26233920E-03	-9.08886465E-03	-4.87971054E-02	-1.32905883E-01	 1.49709590E-01	-9.67412861E-04	 4.83359779E-03	 1.63183750E-02	 2.57988213E-02	 3.29835413E-01	 3.32832308E-01
 9.850000E-01	-2.47706993E-03	-2.88074062E-03	-5.35917974E-03	-3.35743240E-02	-1.17706996E-01	 1.28307214E-01	-4.46586189E-04	 3.21556921E-03	 1.01847601E-02	 1.46819855E-02	 2.08899227E-01	 3.15758091E-01
 9.900000E-01	-1.47526407E-03	-9.59649229E-04	-2.48766018E-03	-2.08826028E-02	-9.06835682E-02	 9.48290744E-02	 7.36309084E-05	 2.02317991E-03	 6.22991522E-03	 6.45664415E-03	 1.05457871E-01	 2.47500312E-01
 9.950000E-01	-2.38037379E-04	-1.24839707E-03	 7.69521755E-04	-1.07820282E-02	-4.68100300E-02	 6.13479341E-02	 3.65751529E-04	 1.67989613E-03	 2.66979557E-03	 8.51649334E-03	 3.71098093E-02	 1.41448606E-01
 1.000000E+00	 0.00000000E+00	 0.00000000E+00	 0.00000000E+00	 0.00000000E+00	 0.00000000E+00	 0.00000000E+00	 0.00000000E+00	 0.00000000E+00	 0.00000000E+00	 0.00000000E+00	 0.00000000E+00	 0.00000000E+00
